92 642
22 61 72
61 88 71
88 81 8
81 2 55
2 85 84
85 6 -30
6 54 21
54 74 -78
74 34 -36
34 10 53
10 59 62
59 46 87
46 8 -76
8 23 38
23 39 66
39 50 -41
50 41 23
41 58 -46
58 21 10
21 33 -96
33 71 -98
71 64 -60
64 62 -32
62 75 -80
75 67 58
67 31 0
31 83 -68
83 45 -85
45 28 19
28 87 68
87 89 -95
89 17 -16
17 15 55
15 91 21
91 40 -89
40 26 14
26 63 -36
63 29 59
29 14 -81
14 78 16
78 51 40
51 60 -95
60 27 -18
27 52 -62
52 72 37
72 68 -40
68 47 -13
47 20 -68
20 3 -91
3 84 -95
84 4 -83
4 43 23
43 77 -12
77 18 -34
18 57 -7
57 16 5
16 38 58
38 76 20
76 12 -12
12 36 72
36 11 92
11 1 -37
1 25 -32
25 13 -38
13 69 92
69 73 33
73 90 75
90 0 45
0 30 -71
30 56 -2
56 35 -7
35 55 29
55 65 83
65 42 -99
42 24 -40
24 66 -77
66 5 15
5 86 -28
86 48 -12
48 19 -6
19 9 -1
9 32 95
32 37 42
37 53 -88
53 7 -61
7 49 75
49 70 -17
70 79 13
79 44 91
44 80 -70
80 82 -76
44 59 -1
49 8 -81
1 30 74
75 9 77
87 3 -67
83 13 53
37 80 16
7 32 76
62 46 -52
6 87 26
37 50 88
3 5 -48
81 4 -69
55 76 -8
9 34 4
46 88 -5
55 32 -59
33 32 99
38 59 -37
5 28 46
31 4 33
76 74 85
46 87 66
89 72 17
3 44 11
59 90 11
87 66 66
38 81 -97
76 51 -63
65 15 96
62 21 66
89 61 96
83 85 -87
79 47 8
73 58 93
35 33 -2
15 26 90
10 64 98
82 2 82
42 26 82
47 90 -82
3 46 -57
1 67 44
28 45 27
25 1 55
75 57 -97
36 64 30
50 12 59
83 70 -53
8 41 40
8 25 -95
75 91 98
45 59 43
7 51 -79
24 24 87
37 15 -61
68 71 -86
48 66 58
85 45 -24
19 28 -51
50 87 23
52 46 76
56 61 76
84 65 -31
42 77 10
82 64 -12
76 69 -81
80 29 100
49 31 19
52 15 55
62 84 -4
49 29 70
2 35 -11
90 1 18
79 15 5
44 1 31
2 75 -32
75 41 -16
91 4 -15
24 58 92
31 34 18
7 40 -55
35 68 -52
17 11 68
63 44 -39
13 65 -2
80 89 20
21 62 -95
47 3 -95
59 42 78
89 11 77
80 10 -90
69 16 54
11 88 67
47 78 -26
6 43 -2
29 13 89
39 10 34
15 66 -67
30 14 88
83 14 54
36 70 -59
73 90 -95
16 87 -68
75 65 27
54 68 -30
51 89 -18
23 31 26
25 60 94
67 63 -74
23 57 73
28 57 84
80 38 -65
89 56 -63
69 40 -32
41 75 27
75 27 -54
10 23 -60
43 77 -48
77 41 44
76 17 -65
39 17 61
19 31 -31
19 7 -67
53 88 -23
51 40 72
67 69 3
62 59 -90
37 3 -84
45 66 27
34 55 -85
85 88 28
69 23 -19
30 41 -9
70 90 49
27 36 37
34 72 57
20 65 51
68 34 -21
69 16 41
13 58 99
12 87 44
60 27 -27
18 75 100
33 9 38
88 9 73
18 12 42
78 61 32
11 81 13
29 70 -3
9 29 71
2 56 -37
4 23 92
61 63 -96
86 14 59
50 10 -69
59 85 -19
43 38 -85
63 61 99
4 84 96
49 81 -6
5 27 -20
65 36 41
89 71 -56
50 3 27
32 53 57
2 51 -50
19 6 22
40 64 41
36 46 8
83 13 -8
86 60 81
6 20 97
46 70 65
10 75 58
78 38 61
6 67 -7
1 15 -89
8 21 49
83 15 -97
59 36 -3
50 81 24
10 48 53
38 30 -73
38 23 13
72 25 37
63 0 -68
72 8 -6
66 65 -97
36 43 42
40 83 88
64 20 22
69 89 -35
46 9 13
27 34 78
83 39 51
66 24 64
47 37 12
14 75 34
82 52 -7
12 33 82
89 42 -70
9 79 20
34 46 -86
13 37 46
36 34 -59
13 37 7
52 63 -25
15 41 15
62 83 -59
73 2 46
74 10 27
5 6 -8
30 28 -93
9 39 64
50 13 81
10 44 75
85 50 -11
14 20 -10
29 73 -27
34 50 15
10 18 -95
14 87 80
3 73 19
78 69 21
14 21 -24
41 5 -13
25 91 -89
81 56 -7
30 69 -63
88 67 24
70 77 -75
91 43 29
75 86 15
16 91 37
86 24 81
41 11 -57
59 10 45
64 56 -13
0 22 100
37 45 70
27 36 -39
7 84 98
62 22 -46
19 13 -59
41 59 -56
28 89 -30
47 39 37
65 17 1
63 22 20
7 23 7
45 89 92
32 31 42
12 11 -16
85 56 96
75 72 91
47 72 89
49 5 22
32 80 -70
72 33 74
12 9 -14
79 2 -48
20 38 -73
21 34 55
56 78 86
16 25 -24
5 86 30
40 64 90
34 73 33
14 63 -35
64 33 52
66 3 -30
67 52 62
20 63 98
48 51 54
55 67 11
41 87 14
86 23 55
49 43 -65
23 9 62
14 88 53
19 57 -91
34 72 -43
88 12 -54
2 52 -52
70 47 -15
13 34 33
81 28 -94
60 85 50
17 75 44
77 48 52
41 31 43
78 29 34
70 15 -22
0 16 52
13 47 97
75 58 -23
65 71 55
15 32 -31
34 83 15
88 23 -4
86 51 -89
61 3 -39
14 38 -4
17 34 38
28 90 -15
8 62 -37
29 32 100
5 30 34
70 79 -26
53 5 6
12 55 -93
29 12 43
89 68 -46
75 56 15
46 5 94
27 37 -54
5 1 19
25 39 -93
9 7 -4
86 78 -73
55 51 32
31 56 99
2 62 97
55 82 -14
44 80 -35
26 47 -5
76 88 37
48 84 -10
1 52 3
60 28 25
58 81 -93
68 33 -28
23 69 -99
35 7 -48
41 34 45
52 20 -9
23 0 -12
73 85 70
0 46 72
1 64 79
88 88 59
44 66 -70
16 4 -14
75 49 -73
84 90 -38
81 23 -53
63 61 61
60 22 81
13 1 17
71 36 -2
52 55 -25
84 78 76
2 40 -92
69 33 8
57 37 86
23 62 -71
1 38 76
48 81 48
52 24 -84
48 82 -45
42 73 95
14 43 -45
58 70 -29
21 35 -72
8 1 -12
54 5 -20
57 44 61
47 48 54
10 66 -9
57 53 0
60 34 -37
24 16 43
17 69 77
5 38 -57
77 58 -15
42 87 -4
81 64 73
53 16 -97
35 89 -43
11 63 48
22 44 -55
45 76 -99
52 25 -84
34 61 15
27 58 -86
78 50 -100
41 2 18
31 36 -1
88 72 93
84 86 -4
87 64 63
2 10 30
24 81 -76
78 84 -84
5 85 -8
40 9 83
5 48 35
57 52 68
24 12 52
26 4 -86
69 14 -19
58 42 -17
49 66 -28
83 38 90
61 62 30
70 31 -13
54 15 57
17 42 96
91 21 -64
39 7 41
86 66 38
47 52 -7
90 9 -36
7 80 -100
11 33 -34
0 79 -10
29 89 6
11 36 -86
77 7 85
3 12 -40
62 18 24
86 47 -80
15 65 50
42 78 -62
48 85 -1
88 0 55
18 51 -70
76 3 -100
64 45 -88
10 80 -50
12 86 94
2 58 -11
35 71 74
50 75 41
8 70 70
17 42 17
3 39 -69
57 26 80
43 4 14
9 86 8
23 69 -80
75 41 -99
28 63 -57
29 69 -99
88 88 72
75 67 -38
11 27 -70
83 56 -7
42 54 52
4 19 -37
27 58 34
89 82 49
70 28 82
20 40 2
55 68 -60
77 84 -73
58 44 -48
63 75 -91
19 57 96
49 53 93
54 20 -60
87 23 52
23 78 -59
70 12 46
21 81 -91
42 17 -10
75 32 -6
46 68 63
79 53 1
27 10 -56
64 1 -46
24 67 64
44 52 -81
44 62 27
86 79 80
43 90 -6
74 21 78
52 83 -37
62 66 -98
82 36 -30
26 56 56
45 34 -42
38 88 -7
75 18 -90
9 43 -84
57 64 96
31 60 62
6 3 0
45 86 -64
61 80 22
43 29 -21
31 31 -5
58 6 19
13 26 83
0 31 9
26 61 -1
78 9 42
29 59 46
23 38 47
23 36 -87
91 11 98
20 73 2
53 14 36
9 13 -68
31 75 -64
80 5 -58
2 1 15
55 67 -53
24 13 9
57 24 61
71 28 25
66 0 -2
78 43 -81
46 33 4
70 60 49
32 12 70
27 26 -17
88 75 -27
3 28 -6
41 22 -97
34 47 8
28 71 -84
34 91 41
3 58 9
37 42 -99
28 72 55
42 87 -23
71 28 -98
59 78 -61
57 22 1
49 77 -94
10 86 98
28 85 87
7 79 -51
10 22 87
72 73 28
32 41 99
41 31 -16
25 34 99
73 77 73
48 75 -81
7 31 -80
9 83 -83
13 74 -92
6 39 85
74 70 4
19 37 59
49 28 63
51 54 -45
14 59 86