91 539
55 40 -33
40 34 10
34 63 -69
63 85 -62
85 32 -28
32 17 -85
17 21 -41
21 68 -91
68 20 61
20 39 -84
39 30 11
30 7 92
7 27 -19
27 82 8
82 11 -5
11 36 16
36 46 -25
46 67 97
67 77 -98
77 88 91
88 15 78
15 22 -61
22 6 -100
6 1 -56
1 56 -4
56 37 -28
37 79 -70
79 47 -33
47 43 -76
43 13 16
13 29 44
29 65 -56
65 31 -56
31 28 38
28 61 -3
61 71 -89
71 19 93
19 57 -86
57 84 45
84 12 -43
12 64 -84
64 66 -3
66 14 -87
14 10 53
10 60 -59
60 80 18
80 5 -19
5 9 81
9 24 -74
24 62 -85
62 87 32
87 74 -29
74 44 -35
44 73 -51
73 53 10
53 51 1
51 83 -4
83 23 91
23 78 -78
78 75 70
75 41 66
41 89 32
89 18 -77
18 72 -4
72 86 -71
86 49 -31
49 54 -53
54 26 24
26 2 28
2 58 -13
58 42 -65
42 52 -59
52 70 -49
70 59 -42
59 76 -79
76 8 85
8 35 -71
35 90 -60
90 81 -17
81 33 28
33 25 66
25 0 74
0 3 2
3 45 -88
45 38 -16
38 16 71
16 4 63
4 48 -60
48 69 11
69 50 -47
88 28 100
75 57 -63
12 88 -81
78 6 19
55 23 85
63 50 -62
63 7 65
34 62 -63
70 48 53
36 88 -85
31 65 40
10 10 -22
56 38 80
12 39 -89
84 81 86
14 49 25
84 24 -5
72 39 71
53 65 -69
32 64 0
82 41 61
68 47 -39
45 4 -79
66 35 -73
78 63 -38
38 41 21
31 2 -91
41 57 -29
87 11 -29
8 84 54
1 70 -41
52 53 -1
24 25 -85
24 52 80
43 88 33
67 2 54
31 43 -61
4 83 49
61 59 4
47 25 57
27 40 3
67 78 -96
48 24 71
60 22 -41
47 81 -33
34 62 -63
56 28 -15
11 81 -19
32 76 -75
9 84 94
72 5 -57
12 14 58
69 36 -66
63 33 8
70 12 -59
36 1 81
84 77 -57
26 49 -19
20 31 51
75 66 18
1 32 52
84 49 68
4 37 64
13 83 21
32 15 -17
75 4 -6
77 31 55
10 76 46
46 32 -4
32 30 -49
48 3 31
25 87 -19
78 28 10
34 29 7
62 8 -62
2 74 79
4 42 -88
87 13 69
33 48 11
63 41 -82
20 66 67
29 51 37
73 51 -39
77 79 2
34 74 -75
53 75 -87
7 59 -56
5 83 40
44 56 17
82 32 -56
36 90 72
81 80 -45
25 9 58
17 72 -86
38 70 98
29 15 66
25 47 -86
21 15 84
8 66 -16
56 69 -82
29 2 -98
77 56 -99
78 34 79
77 38 23
26 6 96
3 38 -42
70 14 -24
25 33 -33
13 41 -80
41 44 -58
0 67 -45
26 12 70
88 51 -75
30 15 24
85 11 95
32 69 -8
20 65 13
16 12 -92
54 54 37
82 42 29
84 22 8
80 39 72
51 66 -96
77 16 -46
11 79 11
63 71 92
66 27 -85
65 9 -30
11 68 -97
28 17 2
14 23 43
7 14 86
7 41 -22
35 68 -79
46 72 -2
55 51 95
26 1 78
57 7 -48
16 39 -68
3 50 -72
64 74 37
36 34 -82
84 8 -75
8 17 69
42 90 -29
90 53 29
82 75 78
46 83 -98
27 35 59
17 12 -23
87 38 24
40 9 44
61 86 -90
30 31 -29
52 78 -93
16 8 73
28 65 13
20 7 43
71 23 77
55 39 -43
22 87 -93
22 65 34
23 90 68
57 78 62
7 24 6
81 82 -38
72 81 -30
6 57 100
27 58 -71
35 71 15
38 23 -27
71 50 -24
16 31 -3
90 80 -75
40 28 -54
8 5 -58
48 18 51
64 88 66
58 7 50
61 62 82
74 38 -29
59 41 47
89 61 32
30 47 94
54 25 81
59 28 100
64 69 70
74 23 61
65 56 16
79 19 -49
67 40 82
17 24 54
22 20 51
34 62 -72
6 53 -82
45 69 43
33 1 38
28 67 -79
86 31 75
23 73 -76
40 41 -14
62 28 16
29 15 85
41 53 10
12 45 -7
20 40 14
35 17 -34
79 31 -96
58 31 -30
85 83 -3
14 30 -19
22 57 -15
4 62 -53
72 32 -8
51 37 -74
67 77 -38
74 17 48
42 46 -57
41 8 -28
60 55 -21
63 3 57
85 21 -39
79 66 -81
3 80 81
81 85 26
30 5 53
9 59 66
34 12 -66
67 64 2
31 75 39
73 29 -73
14 72 73
60 57 -31
32 27 75
4 80 76
24 23 31
40 57 89
73 36 -4
64 69 44
6 14 -24
3 7 -91
33 7 -88
77 56 59
80 51 -48
64 14 33
23 16 23
15 55 62
73 23 43
40 66 -97
41 42 40
32 59 44
3 22 -42
49 48 34
11 17 -67
80 39 -76
0 77 43
43 69 -93
5 22 39
58 16 9
6 41 -75
54 50 85
44 23 -93
24 87 59
19 47 15
69 28 -41
26 11 -54
65 43 -34
49 26 -77
8 45 22
30 68 8
50 33 -30
45 50 -34
55 4 21
16 38 -25
33 90 83
54 62 24
58 17 -35
66 44 92
14 70 -66
7 31 -87
25 16 -78
76 3 -18
49 74 -93
36 51 49
10 3 -93
24 58 95
55 80 -61
5 90 -53
32 53 -81
57 66 -46
62 35 65
59 41 100
38 79 -53
62 17 48
33 72 -88
5 11 45
84 0 1
55 10 41
10 24 6
0 65 70
49 3 -8
81 40 -58
51 61 47
50 85 75
25 26 20
41 15 -38
59 75 83
62 24 -73
90 21 -72
41 20 -87
41 46 -53
18 64 -50
86 18 -69
69 10 -17
4 84 26
60 36 -36
20 54 -74
39 12 1
0 83 -82
56 39 -13
88 57 65
49 46 -89
81 81 -45
46 4 32
83 47 -76
14 20 -60
48 51 55
48 75 22
51 37 -84
80 78 7
82 78 54
48 75 -45
19 61 68
54 73 39
33 30 89
47 14 87
32 18 -6
68 61 -91
66 58 95
41 88 98
18 28 -4
50 41 -78
5 60 30
27 48 -79
43 61 -65
87 2 -82
31 55 58
69 45 -62
19 56 -12
5 67 -30
52 34 -55
21 33 -38
26 24 -93
24 52 62
88 25 38
20 47 -1
24 20 3
17 2 -2
48 30 -27
67 45 11
38 38 91
71 34 -70
16 83 -8
29 10 -59
12 74 -7
87 34 75
80 59 38
16 7 3
25 21 -10
86 72 100
9 37 -18
73 48 45
83 33 93
50 49 -90
16 33 18
44 87 -12
31 53 -93
24 23 -97
18 81 -91
90 89 91
44 74 67
59 46 42
83 42 17
58 50 52
45 17 -1
77 16 8
87 53 84
56 33 -31
52 30 55
63 47 -13
23 32 67
9 74 78
32 30 81
12 56 -50
30 52 -88
61 45 94
22 18 -28
66 0 -28
34 66 -52
37 87 4
76 15 39
86 43 49
21 7 19
44 22 -16
8 57 22
32 6 12
42 7 84
41 48 -94
85 31 -14
56 61 90
51 71 73
79 39 28
76 84 8
7 84 14
72 59 53
86 59 43
82 16 41
35 5 -8
10 9 83
64 19 -5
48 20 11
30 5 12
77 13 56
20 11 72
56 54 12
35 15 45
81 11 -55
31 86 -27
82 73 91
85 63 -8
30 19 4
34 8 59
82 2 -73
6 72 -72
16 16 -89
82 29 26
62 72 49
0 5 -99
59 41 -100
66 3 26
11 40 80
41 22 84
49 75 87
25 39 53
5 9 -78
51 59 22
25 59 89
42 65 -100
2 46 -90