CP4 8.11* (FF Killer)

input:
4 5
0 1 8 
0 2 8 
1 3 8 
2 1 1 
2 3 8 
output:
16



CP4 Ex 8.5.3.1* (wrong)

input:
8 16
0 1 1 
0 2 1 
0 3 1 
1 4 1 
1 5 1 
1 6 1 
2 5 1 
3 5 1 
4 1 1 
4 7 1 
5 1 1 
5 2 1 
5 3 1 
5 7 1 
6 1 1 
6 7 1 
output:
3



CP4 Ex 8.5.3.1* (correct)

input:
8 11
0 1 1 
0 2 1 
0 3 1 
1 4 1 
1 5 1 
1 6 1 
2 5 1 
3 5 1 
4 7 1 
5 7 1 
6 7 1 
output:
2



CP4 8.17.A* (MC S = {s})

input:
5 7
0 2 5 
0 3 3 
1 4 99 
2 1 3 
2 3 2 
2 4 99 
3 1 6 
output:
8



CP4 8.17.B* (MC T = {t})

input:
5 7
0 2 99 
0 3 99 
1 4 4 
2 1 3 
2 3 2 
2 4 3 
3 1 6 
output:
7



CP4 8.17.C*

input:
5 7
0 2 99 
0 3 3 
1 4 99 
2 1 3 
2 3 2 
2 4 3 
3 1 6 
output:
11



CS4234 MF Demo

input:
8 15
0 1 10 
0 2 5 
0 3 15 
1 2 4 
1 4 9 
1 5 15 
2 3 4 
2 5 8 
3 6 16 
4 5 15 
4 7 10 
5 6 15 
5 7 10 
6 2 6 
6 7 10 
output:
28



CP4 8.15* (Dinic Showcase)

input:
10 16
0 1 5 
0 2 8 
0 3 3 
0 4 5 
0 5 7 
0 9 7 
1 9 4 
2 9 9 
3 6 1 
4 7 4 
5 6 1 
5 7 2 
5 8 6 
6 9 1 
7 9 6 
8 9 5 
output:
31



Matching with Capacity

input:
6 7
0 1 1 
0 2 3 
1 3 99 
1 4 99 
2 4 99 
3 5 2 
4 5 2 
output:
3



waif (AC)

input:
10 14
0 1 1 
0 2 1 
0 3 1 
0 4 1 
1 5 1 
1 6 1 
2 5 1 
2 6 1 
3 7 1 
4 7 1 
5 8 1 
6 8 1 
7 9 1 
8 9 1 
output:
2



CP4 8.20.A* (MVDP/MIP)

input:
8 9
0 1 1 
0 3 1 
1 2 1 
2 3 1 
3 4 1 
4 5 1 
4 7 1 
5 6 1 
6 7 1 
output:
1



CP4 8.20.B* (MEDP)

input:
5 6
0 1 1 
0 2 1 
1 2 1 
2 3 1 
2 4 1 
3 4 1 
output:
2



CP4 8.29* (MWVC)

input:
8 11
0 1 2 
0 2 3 
0 3 4 
1 4 99 
1 5 99 
1 6 99 
2 6 99 
3 6 99 
4 7 7 
5 7 1 
6 7 5 
output:
7



CP4 9.23

input:
6 7
0 1 20 
1 2 10 
1 3 10 
1 4 10 
2 4 10 
3 4 10 
4 5 20 
output:
20



CP4 9.24 UVa 10746

input:
9 19
0 1 1 
0 2 1 
0 3 1 
1 4 1 
1 5 1 
1 6 1 
1 7 1 
2 4 1 
2 5 1 
2 6 1 
2 7 1 
3 4 1 
3 5 1 
3 6 1 
3 7 1 
4 8 1 
5 8 1 
6 8 1 
7 8 1 
output:
3



Random graph 1

input:
44 492
35 15 74
15 10 65
10 8 42
8 3 12
3 22 54
22 41 69
41 42 48
42 33 45
33 37 63
37 23 58
23 32 38
32 2 60
2 39 24
39 40 42
40 13 30
13 26 79
26 18 17
18 25 36
25 38 91
38 14 43
14 11 89
11 24 7
24 28 41
28 31 43
31 36 65
36 12 49
12 9 47
9 4 6
4 7 91
7 34 30
34 30 71
30 29 51
29 17 7
17 16 2
16 1 94
1 6 49
6 27 30
27 21 24
21 5 85
5 19 55
19 20 57
20 0 41
11 27 32
17 19 40
15 26 38
35 33 83
40 36 34
36 20 59
25 19 78
39 6 87
24 18 25
5 13 30
24 34 98
7 5 91
6 31 56
30 10 75
42 41 51
17 16 25
23 29 8
36 32 38
2 24 54
10 36 10
38 15 22
25 39 47
39 11 14
21 19 92
31 18 11
18 31 38
3 16 96
10 33 51
2 9 75
17 19 22
7 16 69
41 8 35
12 26 19
9 13 89
26 6 29
26 37 84
42 28 11
24 8 15
30 15 36
22 21 50
14 15 99
22 9 9
7 18 90
27 4 86
28 22 24
34 41 4
15 1 59
25 1 97
15 36 90
9 38 58
19 19 39
29 33 80
5 6 59
18 34 89
5 4 3
31 39 56
1 9 63
15 18 34
8 25 45
31 42 99
33 4 22
30 30 77
5 30 76
3 39 11
4 32 62
31 4 90
10 2 3
2 33 86
41 11 18
28 5 33
12 13 22
12 27 30
17 7 26
14 33 50
8 21 46
1 5 54
12 34 80
41 14 30
38 8 67
14 26 96
22 5 87
20 3 83
24 31 15
26 27 72
33 42 14
38 22 54
31 15 33
30 30 57
14 29 47
11 20 45
13 21 30
20 34 51
2 9 45
30 1 40
34 33 55
27 42 50
41 40 75
9 27 19
14 36 59
42 39 26
18 5 15
37 19 75
13 42 34
15 12 98
1 30 74
15 42 69
15 42 3
39 24 28
15 26 28
22 32 25
20 27 62
28 8 33
34 42 26
12 9 43
3 39 65
5 36 61
28 21 71
23 26 34
14 15 97
6 20 51
15 3 96
37 6 26
33 23 59
11 26 67
17 40 52
33 11 65
36 11 1
28 23 27
23 12 71
30 1 28
32 37 65
28 29 87
40 2 78
27 22 28
2 9 24
3 15 63
40 27 38
32 32 26
5 29 3
11 33 27
32 28 12
12 28 21
13 15 89
8 27 52
15 12 1
32 17 79
8 30 78
25 19 40
36 35 58
15 10 9
30 20 2
3 13 29
16 1 6
31 32 5
26 17 73
35 8 86
19 33 27
34 1 58
22 4 70
4 3 23
8 33 18
7 36 42
22 22 30
30 8 33
37 36 54
37 15 35
19 5 58
6 21 64
4 6 12
2 30 49
14 3 24
9 25 12
20 16 60
18 30 71
31 15 6
32 37 99
20 22 94
9 42 35
13 20 77
2 33 49
6 7 14
10 32 56
39 39 12
8 13 79
31 6 97
32 3 14
36 39 19
23 10 33
15 36 70
18 7 89
42 23 98
28 35 46
34 37 52
29 37 59
42 24 93
4 23 82
28 8 76
29 19 98
36 31 62
2 42 42
6 35 14
27 22 78
14 32 14
11 37 2
41 10 71
11 14 85
38 13 99
23 30 48
13 42 22
26 37 64
23 38 90
13 27 43
18 40 92
27 25 33
37 6 76
28 10 23
15 34 85
41 32 65
24 30 46
27 33 79
6 17 20
42 24 45
10 19 46
15 11 71
26 16 33
29 21 88
11 28 2
10 18 28
9 6 16
22 29 44
22 31 44
38 24 64
10 20 89
3 21 61
12 37 55
15 35 91
12 34 31
1 35 68
1 36 36
13 24 39
26 10 25
41 16 60
2 29 45
4 9 27
2 26 56
6 38 97
21 24 65
33 12 14
15 33 49
41 15 7
8 28 5
28 5 13
14 22 66
35 37 42
29 31 57
17 39 39
29 12 16
40 3 42
10 38 38
29 35 51
35 5 94
22 39 53
23 39 34
37 8 35
12 19 49
37 12 14
20 5 1
39 25 59
27 6 62
19 18 77
34 30 3
34 14 49
23 4 75
37 27 24
10 8 79
16 25 20
32 16 46
38 3 93
10 30 99
4 39 39
12 27 62
19 35 62
12 26 16
28 32 70
17 1 72
15 40 16
28 4 31
16 15 89
27 23 86
5 41 75
23 38 52
32 14 80
17 27 74
33 38 33
11 4 14
13 6 91
2 28 29
27 41 1
32 38 75
22 36 68
30 16 69
36 17 30
7 37 10
32 25 81
37 28 68
17 10 65
22 6 27
13 41 27
23 24 82
15 39 87
16 29 22
17 36 16
11 12 25
2 28 63
32 22 7
5 37 3
30 32 82
5 11 31
7 14 85
37 27 94
9 5 55
20 9 49
16 21 32
1 18 59
27 11 96
3 28 80
11 6 19
31 20 99
11 29 63
6 21 23
13 39 38
20 22 59
9 22 99
27 19 1
13 10 53
37 23 41
8 40 63
34 35 98
3 32 29
34 21 31
40 42 59
20 35 41
35 28 63
18 12 93
18 3 99
5 21 47
21 40 39
28 40 16
14 14 16
33 5 71
24 15 58
25 8 25
34 40 31
4 1 34
36 33 38
41 26 79
4 35 15
25 8 50
26 28 38
9 42 24
21 17 9
35 4 86
39 20 53
5 7 27
5 13 50
25 27 20
20 20 42
4 20 66
26 26 17
35 20 10
19 11 94
31 28 1
40 40 90
16 9 69
17 34 69
23 35 23
31 2 11
33 25 92
40 11 75
21 35 56
9 13 73
26 41 48
32 4 6
40 1 51
6 41 82
5 39 40
31 33 63
4 7 16
19 4 60
17 39 87
36 35 46
11 19 1
28 11 88
15 23 75
4 24 84
15 16 77
24 27 24
7 11 77
23 32 83
1 3 26
41 19 78
10 10 35
12 31 69
26 25 84
29 42 27
38 30 13
14 24 9
2 17 86
41 4 44
20 32 51
13 12 51
10 21 55
36 10 66
24 32 94
29 21 73
25 38 43
12 18 71
31 1 82
1 4 38
2 8 96
10 18 43
21 1 59
31 38 71
21 24 59
32 33 84
35 13 11
21 31 35
4 13 4
42 2 39
34 18 51
13 35 59
16 24 57
18 35 90
32 24 76
27 1 34
3 17 49
25 9 34
27 5 36
29 8 38
11 21 29
37 30 45
39 15 53
14 3 36
27 31 98
0 18 50
0 8 42
0 22 1
31 43 49
32 43 52
31 43 34
output:
93



Random graph 2

input:
44 300
30 21 34
21 22 74
22 23 65
23 35 42
35 9 12
9 20 54
20 14 69
14 25 48
25 39 45
39 24 63
24 1 58
1 40 38
40 18 60
18 26 24
26 41 42
41 11 30
11 4 79
4 19 17
19 12 36
12 36 91
36 34 43
34 29 89
29 13 7
13 38 41
38 32 43
32 31 65
31 16 49
16 3 47
3 2 6
2 17 91
17 37 30
37 33 71
33 27 51
27 5 7
5 28 2
28 7 94
7 6 49
6 15 30
15 42 24
42 10 85
10 8 55
8 0 57
39 11 77
30 17 45
16 15 24
36 35 19
25 40 42
4 36 40
7 25 31
34 39 74
1 24 46
3 5 71
34 24 74
16 7 87
19 6 37
12 30 56
35 42 53
9 17 42
11 23 31
28 36 8
40 2 88
34 10 46
6 38 59
30 25 23
41 39 31
34 21 1
42 31 56
23 18 25
42 3 84
2 10 3
33 2 37
9 17 97
40 7 100
13 41 82
31 12 100
1 9 1
9 26 68
33 26 49
14 42 22
31 24 14
23 30 17
36 22 1
42 14 57
35 22 25
5 7 10
38 27 96
32 28 44
32 34 15
12 15 1
19 25 81
15 15 82
18 9 10
26 19 23
17 29 39
30 5 58
21 18 16
41 5 12
33 31 73
22 1 47
29 15 76
42 8 43
31 31 82
37 33 52
26 30 58
1 5 90
36 3 1
33 4 70
12 31 2
4 10 24
5 2 83
38 41 27
16 28 33
21 12 55
18 12 77
40 17 93
6 14 35
2 8 13
32 1 19
16 12 24
26 41 88
14 38 38
1 14 94
12 22 17
21 20 89
29 24 35
13 26 17
8 33 64
30 38 86
20 31 9
27 30 14
37 14 59
1 11 82
29 13 23
32 20 36
39 2 67
33 30 93
22 34 25
31 27 46
28 41 14
23 9 69
33 14 6
25 42 3
14 18 15
33 37 35
3 13 60
32 15 88
32 1 78
8 15 64
23 15 86
37 39 14
26 15 100
36 22 44
35 20 73
42 28 4
7 34 94
4 12 93
17 3 87
3 5 88
3 28 75
33 23 36
6 14 61
39 6 86
35 15 95
8 37 20
26 33 95
21 11 72
39 17 94
38 33 19
31 36 53
29 28 61
37 23 58
41 30 77
30 32 59
25 28 83
35 40 88
10 27 26
8 2 29
14 3 3
11 40 97
42 32 96
18 5 61
29 11 31
41 32 72
28 12 54
17 13 25
33 8 41
20 15 30
31 32 59
23 8 8
12 25 59
14 36 61
38 15 78
27 30 88
20 3 61
1 16 85
2 31 12
19 26 57
25 35 24
38 19 17
31 34 27
2 22 72
14 4 97
3 8 13
34 7 86
18 22 30
38 30 60
29 37 56
42 37 85
41 19 73
38 6 33
24 4 84
30 2 68
1 14 39
40 9 55
2 20 76
40 18 22
21 31 35
2 32 51
11 20 2
14 9 38
33 13 94
13 2 63
7 6 1
8 10 56
34 39 63
18 8 25
3 31 44
31 32 41
32 36 73
9 23 18
23 15 96
24 18 41
29 42 91
10 28 91
26 34 15
4 29 45
3 42 60
21 4 65
2 28 30
4 29 93
34 36 57
26 2 68
16 6 41
10 27 2
30 14 84
24 11 25
16 41 60
25 11 28
11 38 87
1 23 88
34 13 4
12 26 7
12 23 72
22 13 65
7 18 14
32 27 19
35 37 6
20 28 4
41 15 48
19 41 72
15 24 76
42 27 47
31 6 63
36 42 90
27 10 41
20 15 19
25 26 24
7 29 53
14 11 64
40 10 24
42 9 70
30 22 29
40 22 89
4 38 10
4 10 82
35 3 9
15 12 59
9 15 47
19 12 44
11 1 49
20 1 84
18 13 86
25 26 30
11 41 24
42 2 67
31 4 19
9 2 26
28 6 50
5 21 16
31 33 76
22 15 97
25 41 27
33 8 30
23 28 27
0 35 76
0 22 66
0 35 37
36 43 15
31 43 57
17 43 37
output: 109